10,10,10,10,10,10,10,10,10,10,10,10...		10,10,10,10,10,10	
 5, 4, 4, 4, 4, 4, 5, 5, 5, 5, 5, 5...		 9, 9, 9, 9, 9, 9	fight
 5, 4, 4, 4, 4, 4, 0, 0, 0, 0, 0, 5...		 9, 9, 9, 9, 9, 9	blast
 6, 5, 5, 5, 5, 5, 0, 0, 0, 0, 0, 6...		 9, 9, 9, 9, 9, 9	heal
11, 8, 6, 5, 5, 5, 0, 0, 0, 0, 0, 6...		 5, 7, 9, 9, 9, 9	chain
11, 8, 6, 5, 5, 5, 6, 6, 6, 6, 6, 6...		 5, 7, 9, 9, 9, 9	order

11, 8, 6, 5, 5, 5, 6, 6, 6, 6, 6, 6...		 5, 7, 9, 9, 9, 9
 6, 2, 0, 0, 0, 0, 1, 1, 1, 1, 1, 1...		 4, 6, 8, 8, 8, 8	fight
 1, 0, 0, 0, 0, 0, 1, 1, 1, 1, 1, 1...		 4, 6, 8, 8, 8, 8	blast
 3, 0, 0, 0, 0, 0, 3, 3, 3, 3, 2, 2...		 4, 6, 8, 8, 8, 8	heal
 8, 0, 0, 0, 0, 0, 3, 3, 3, 3, 2, 2...		 0, 3, 6, 7, 8, 8	chain
 8, 3, 3, 3, 3, 2, 2, 2, 2, 2, 2, 2...		 3, 6, 7, 8, 8, 0	order

 8, 3, 3, 3, 3, 2, 2, 2, 2, 2, 2, 2...		 3, 6, 7, 8, 8, 0
 7, 2, 2, 2, 2, 2, 2, 2, 2, 2, 2, 2...		 2, 5, 6, 7, 7, 0	fight
 2, 0, 0, 0, 0, 2, 2, 2, 2, 2, 2, 2...		 2, 5, 6, 7, 7, 0	blast
 4, 0, 0, 0, 0, 4, 4, 4, 4, 4, 4, 4...		 2, 5, 6, 7, 7, 0	heal
 9, 0, 0, 0, 0, 4, 4, 4, 4, 4, 4, 4...		 0, 2, 4, 6, 7, 0	chain
 9, 4, 4, 4, 4, 4, 4, 4, 4, 3, 3   ...		 2, 4, 6, 7, 0, 0	order

 9, 4, 4, 4, 4, 4, 4, 4, 4, 3, 3   ...		 2, 4, 6, 7, 0, 0
 8, 3, 3, 3, 4, 4, 4, 4, 4, 3, 3   ...		 1, 3, 5, 6, 0, 0	fight
 8, 3, 3, 3, 0, 0, 0, 0, 0, 3, 3   ...		 1, 3, 5, 6, 0, 0	blast
12, 7, 6, 6, 0, 0, 0, 0, 0, 6, 6   ...		 1, 3, 5, 6, 0, 0	heal


